23.79861531349914
23.851166371155273
23.90098404709965
23.94794951073404
23.992389081260068
24.033827601992087
24.0726562299119
24.10879613806522
24.142215707063883
24.172926613379047
24.200952174889377
24.226299698253534
24.248976621539484
24.268990361644487
24.286354499761796
24.30107951199851
24.313168463006406
24.322643558740474
24.32950876347431
24.333778292542902
24.335460420932737
24.334558033905807
24.331095981844147
24.325074533161207
24.316506811654307
24.30540403516687
24.291777437709744
24.275636510809356
24.25699195724924
24.235854259662766
24.21223351329345
24.18614012482365
24.15758351922577
24.12657530803524
24.093125147171815
24.057242794079887
24.01893825513545
23.97822281242954
23.9351033727033
23.889595906389665
23.84170963075987
23.79145597147787
23.738851510012424
23.683897421044872
23.626602624775128
23.567001985443593
23.505086890926826
23.44087829685424
23.37439471346797
23.305654766236984
23.234646475936017
23.161414501822563
23.08598650477037
23.008346920791592
22.92856272863691
22.84659941688917
22.762500573666497
22.676317068953608
22.641262098856135
16.90796334518446
16.833115094879886
16.76285776982439
16.69739266496132
16.636915637045615
16.581577024190555
16.53156699433449
16.4870167168389
16.44809403326948
16.41490629400574
16.38759645288844
16.366242877273397
16.35096008701581
16.341795760940737
16.338831849000357
16.342095005859687
16.351595025850628
16.36736136656624
16.38936798380872
16.41757069308652
16.451945322932442
16.49239948646108
16.53887375624304
16.591241793247995
16.649410397669154
16.71322210423573
16.78254105035485
16.857214589844766
16.9370581440495
17.02188322190689
17.11149168357721
17.205675699556643
17.30422989764776
17.406907567283085
17.51350116947861
17.623763597327976
17.737456201788465
17.854336888949547
17.974161607889386
18.096696556042318
23.709486384214173
23.76200129699564
23.81180917363869
23.85883591232223
23.90310678992136
23.944726187303665
23.983536377018726
24.019646806813427
24.053070437863344
24.083795746834564
24.111821332256362
24.137167492608402
24.15984645146326
24.179862559712923
24.197229590316724
24.211956035468
24.22405400809335
24.23352730130349
24.24039552883094
24.24466787943066
24.246355568483956
24.245461491534925
24.24200053574516
24.23598345663528
24.227421148386824
24.21632216253591
24.202701412942513
24.186566197671745
24.167927498700312
24.146795784263066
24.123181289566844
24.097094185536594
24.068543871380008
24.037543368790253
24.004098641266058
23.96822329404896
23.929924849933844
23.889217422617065
23.84610783162941
23.80060883121551
23.752730412665976
23.702484651641377
23.649879048946055
23.594931339860118
23.53765556665554
23.478047533209992
23.416142990583793
23.35195186339674
23.28546750761534
23.216726841579653
23.14573348665866
23.07252425189914
22.997086776211045
22.919467255281383
22.839688466555604
22.75771487498233
22.67363183162846
22.587440620097727
22.552390367380823
16.818963343822727
16.744237757276576
16.67383825116914
16.608364056339312
16.547877781082853
16.492530557977478
16.442500162269994
16.397953926359467
16.35902393404893
16.325829002902296
16.2985123143645
16.277152837980903
16.261864571112486
16.252695182760906
16.249726511482507
16.25297310930222
16.262482300763846
16.27824565304769
16.30023720664599
16.3284506815545
16.362823873159837
16.403277158469415
16.449738577389873
16.502119082977835
16.560284082183525
16.62410068776217
16.693420288704793
16.76809646098072
16.847941974467158
16.93276917022385
17.022380394932654
17.116567013166122
17.21511300930669
17.31780502254042
17.42439067118984
17.534656667607667
17.64835264442707
17.765236650436655
17.88507016090867
18.007603107074726
23.62036655581378
23.67289816209294
23.722646854087806
23.76965486652114
23.81397139209103
23.85553948136823
23.89438745613096
23.930518037674474
23.963934819168973
23.994647800226144
24.022682862059188
24.048033738680047
24.070713876512375
24.090733097348114
24.108101859127114
24.12283166564721
24.13492970044795
24.144409099722406
24.1512803527567
24.15555246207016
24.157246639672092
24.156357966241718
24.15290226071928
24.146890038267262
24.138331804923844
24.127239121470826
24.113623458371936
24.09749329072551
24.07886033690231
24.05773454041124
24.034126143046073
24.008045580343232
23.979502292769443
23.948506965077087
23.91507002225393
23.87920058905102
23.84091114064256
23.800208951972234
23.757106212333667
23.711614261494223
23.66374804047476
23.613504592616533
23.56091012143797
23.505968070910782
23.448696601607438
23.38910363755788
23.327210139590747
23.263016420151985
23.196546497777387
23.127801103252477
23.056831602701145
22.983633785247868
22.908202166724767
22.830576647184238
22.750786149791143
22.668853192920967
22.58476541102842
22.498600506788623
22.46353294144802
16.729960246903083
16.655080801090904
16.584815887701048
16.519332239213277
16.458824952078515
16.403481298816402
16.353442445016913
16.308888383401023
16.269938403672086
16.236748884066515
16.209412995406808
16.188060046993296
16.17275333486053
16.163591505174985
16.160618335655112
16.163860948119243
16.173366562803995
16.189114500741272
16.211116323847573
16.239327931652674
16.27368728552203
16.31415241220505
16.360613537264385
16.412994361346644
16.471151843527867
16.534977317400575
16.604298338881286
16.67897627792974
16.758823509774533
16.84365333897695
16.93326676279319
17.02745642412503
17.1260051388082
17.228689423188246
17.335289238751564
17.445558510095605
17.559253734565132
17.676144248165226
17.795976731923492
17.918508084813347
23.53124423882841
23.583799237017015
23.633555918060935
23.68055054108289
23.72481050927167
23.766379728756494
23.805229135006012
23.841376364175346
23.874788131342168
23.905515446669813
23.933540945952117
23.95889660836924
23.981579394295625
24.001601503674443
24.018972836829626
24.033704646639798
24.045809467760908
24.055294143767007
24.062167382463326
24.06644685192522
24.068136347448526
24.067252361244403
24.06380057858943
24.05779279016194
24.049240456293226
24.03815346831972
24.024542107312453
24.008417844768495
23.98979064097868
23.968670696793627
23.94506846643491
23.918993834362357
23.890457133720687
23.85946844764781
23.826038572541766
23.79017612279435
23.751892934878693
23.711198616394796
23.668103700567308
23.622619145871393
23.574754799958008
23.524523959875957
23.471936389444434
23.417003037161187
23.359744079002834
23.300153377092418
23.23825983540136
23.174074559739836
23.10760748076174
23.038876043054564
22.967917219037545
22.894728910279877
22.81930859966965
22.741694724881018
22.661906283674977
22.57996760035165
22.495890194215868
22.409741197179844
22.374685889761597
16.640953466818036
16.56606443224185
16.495790288608923
16.430297542728226
16.36978134087112
16.31442888293135
16.264381856308077
16.219819827025233
16.180862464623313
16.147665933773983
16.120323636561732
16.098964339040382
16.0836522202074
16.074485400273666
16.07149522451312
16.074746266191163
16.08424850995394
16.099993555199514
16.12199326937877
16.15020282582073
16.184560954677405
16.22502513283041
16.271486192530677
16.32386684044026
16.382025270666254
16.44585190293719
16.515174096884238
16.58985364590205
16.669703261980363
16.75453528315649
16.844151410675707
16.938343762547614
17.03689571134359
17.1395828106594
17.246186020351175
17.35644790775489
17.47015059285016
17.58704142730035
17.70687628532244
17.829411436203838
23.44213800816439
23.494612650858983
23.54449508617158
23.591430318287063
23.635679245686706
23.677239675422495
23.716078837411818
23.75221655544442
23.78564820750985
23.816371213279467
23.84440268328064
23.869757166711864
23.892443290076947
23.912468038107395
23.929841226478867
23.944576010961523
23.956680768528976
23.966169464177927
23.973049504004262
23.977331119663287
23.979026017988698
23.978145065129638
23.974696949210415
23.96869415257089
23.960146385999458
23.949064448136017
23.935458978814893
23.919339954860344
23.900718315357363
23.879604179003305
23.856008068685377
23.82993955037499
23.801409603580787
23.770427475317856
23.73700388367411
23.70114849485407
23.66287175379068
23.62218418620639
23.579096915013785
23.533619710335202
23.485761989657206
23.43554112418556
23.38295874800905
23.328033442125438
23.270774852939677
23.21120020469229
23.149315457806455
23.085139883616197
23.01867417265558
22.9499532582663
22.878999358995774
22.805809981239342
22.730398728815885
22.652807824757993
22.57301826060212
22.49108187425
22.40703219140487
22.32084942530022
22.285819603408537
16.551943809366353
16.477045246320944
16.40674956847415
16.341259419652445
16.28073438677432
16.22537333340788
16.175318061862466
16.13074729024222
16.091783453866306
16.058579888595467
16.031231111618826
16.009861417898907
15.994548333842385
15.985376397772589
15.982381661918646
15.98562906690143
15.995115413029971
16.010870169110433
16.032867288186257
16.061062940910457
16.095432400519865
16.135883520326022
16.182356465857705
16.234737511355455
16.292896260449965
16.356711871525352
16.42604763227367
16.500729217046725
16.580580846310504
16.665415149428362
16.755022695586334
16.849217929631358
16.94777286168495
17.050474302578277
17.157069835030015
17.26734576431354
17.38105189097723
17.49793713603796
17.617779280202456
17.740322327769853
23.353015287465894
23.40547403413105
23.45521667794128
23.50231176441207
23.546554647863555
23.58810271603463
23.626938412916726
23.663072293877033
23.696494973489177
23.727223929503577
23.755262507154697
23.780616117236715
23.803304529450696
23.82333104391332
23.84070858135053
23.855445922678832
23.867555412276698
23.877044581265512
23.88392775343404
23.888212975253172
23.889912345899866
23.889034311681012
23.885591066899536
23.87959270472261
23.87104969191101
23.859973126920444
23.846373024215563
23.83025929181898
23.811643393833794
23.79053512719796
23.7669448395466
23.74088283303155
23.7123588607392
23.681383522268305
23.647966774059224
23.61211828410237
23.57384886585195
23.533168578765377
23.49008706432233
23.444615528333394
23.39676472211995
23.346550733647202
23.293974465511965
23.239061244698448
23.18181047566657
23.122240481117522
23.06036063192011
22.99619354907214
22.92975209824572
22.86103112038595
22.790077456345767
22.71689757500659
22.64149996969487
22.563898575214022
22.484126589599082
22.402221291806068
22.318137257914103
22.231996082113078
22.196940060196724
16.462920785254973
16.38802275963662
16.317717720261477
16.252218446344497
16.1916845922555
16.136303048526454
16.086251611651022
16.04166157408744
16.002701802445998
15.969479008698633
15.942136041446062
15.920752525824378
15.905441910025067
15.896252537332993
15.893265841128066
15.896509379451564
15.905992214688478
15.92174436044291
15.943736124868469
15.971933056498479
16.00630124090307
16.04675163805938
16.093224394931152
16.145593558933268
16.203765482090347
16.267582004668505
16.336919445914244
16.411602517401967
16.491456148747364
16.5762814596857
16.665903020806375
16.760101246459293
16.8586592333113
16.961353022527877
17.067962795108755
17.178231544962163
17.291941094495087
17.40883868909496
17.528680610175577
17.65122203513427
23.263779999316032
23.316288212154205
23.36607169115933
23.413094096967196
23.45742285757994
23.498964204239183
23.537802235991794
23.573926134476245
23.607347939723653
23.638071515567724
23.666112506862998
23.69147334467167
23.71416350614649
23.734193274318745
23.75157331786538
23.766312384070364
23.778426143831393
23.787919468355675
23.794804765402645
23.79909405157172
23.8007959433201
23.799922530122778
23.79648399022514
23.790489211871044
23.78195091724464
23.770878975400173
23.757283888990873
23.741176306966427
23.722565854417613
23.701463349417402
23.677879004486673
23.651822916945033
23.623305452082747
23.592336445361155
23.558925998203616
23.523084319331243
23.48482120662351
23.444149372090394
23.401074103771474
23.355611919325327
23.307771131558496
23.257558987539834
23.20499352652283
23.150083612114965
23.092838013371058
23.033279322014305
22.97140863368909
22.907248626071688
22.840810811990842
22.77210833081299
22.70115926533547
22.627975608795715
22.552588736013455
22.47499341829943
22.39524677145369
22.31333256254666
22.22927327831131
22.143120026645548
22.108067741841143
16.37390314009215
16.298996940008205
16.228682758041273
16.163162594263557
16.102631618688623
16.04724147279963
15.997182095012102
15.952584400404366
15.913617251701456
15.880387343296674
15.853038089191188
15.831648378036693
15.816332369600907
15.807138038667425
15.804147387089431
15.807374202136941
15.816866480120993
15.832615778800406
15.854596113818031
15.882800722409167
15.917164042129391
15.957617587312145
16.004090468095125
16.056459504945874
16.114632009616308
16.17844988444172
16.24778859153024
16.322473803338962
16.402318089946736
16.487157426812615
16.5767817057182
16.670982828448324
16.76954391510288
16.87224080128834
16.97885381852657
17.089125860469604
17.20283874655175
17.3197296278972
17.439574864710586
17.562120013917372
23.17463261047307
23.227142782978397
23.27689580198118
23.32394300245215
23.368256988238457
23.409823854784836
23.448654758367983
23.484779508847833
23.51820118249282
23.54893148513696
23.576969763014134
23.602329813805824
23.62502294493511
23.645053278634716
23.662434854699015
23.67717856270865
23.689292225013794
23.698788833593063
23.705678428546666
23.70997103679163
23.711677150407603
23.710807130557804
23.707372728309597
23.701383022463585
23.692849885980717
23.681783128560284
23.668193252350132
23.65209064255347
23.633485773633538
23.61238910445711
23.588810768081377
23.562760689079617
23.534249171780928
23.50328638734871
23.469882708123215
23.434048209194607
23.39579150057229
23.355126298430793
23.312059081097058
23.266603994179253
23.218768175392093
23.16856673188777
23.116004468334612
23.061103329590797
23.003868180792463
22.944316566775488
22.882458507296494
22.81829767503882
22.7518700475967
22.683175136509092
22.61222524160533
22.53905924482104
22.463654319520092
22.386100329481742
22.306346660044323
22.224425781520335
22.14038849958344
22.054234456838106
22.019192642652186
16.28488395248304
16.209826559682366
16.139644674009457
16.074115174474894
16.013575763411243
15.958177067331413
15.908109459359348
15.863504274553316
15.824529595352859
15.79129302105793
15.76393756278135
15.742541939870533
15.72748415794608
15.718021354833963
15.715026130956302
15.71824930653358
15.727738403686736
15.743485001784869
15.765463099249105
15.793666022223924
15.828019621710894
15.868481052331756
15.914949436920306
15.967323212924754
16.025496543135453
16.089315680268303
16.158655852214075
16.233342809622712
16.31318936402963
16.398031252125044
16.48765829430145
16.58186221220652
16.680426344752934
16.783126406491068
16.88973206647002
17.000018167748653
17.11372433795777
17.230628818621636
17.35047748741503
17.47302572325992
23.085498357268705
23.13798470105014
23.187763077484124
23.234778639716094
23.279115749446827
23.320680660053707
23.359507784457207
23.395639457373758
23.429059141350116
23.459785275827
23.487825865207736
23.513185465717033
23.535877007706755
23.55590997305696
23.573294897156238
23.58804048612722
23.600158621056856
23.609657627083333
23.61654726284274
23.620845877298965
23.62255608588547
23.621689005257963
23.618259215965224
23.612274201533264
23.603746052080794
23.592683950801536
23.57909966421882
23.563002413359044
23.544403089109874
23.523312053988313
23.499739651526017
23.473695728177464
23.445190598118305
23.41423463732782
23.380836902953124
23.345008150581148
23.306760713915967
23.266101272904827
23.223041094034965
23.17759449344029
23.12976784323292
23.07956856121227
23.027018277254776
22.972121399715242
22.914892762434782
22.855350860463435
22.793498363946853
22.729345045047236
22.662915857233994
22.59423920989366
22.523298169772577
22.450144355859976
22.374746585259583
22.297175808687335
22.217434357742707
22.135547333315206
22.05150371221122
21.965343358921015
21.930315724159023
16.195861533696426
16.12092459740106
16.05060326185545
15.985065036970225
15.9245166643117
15.869109706518973
15.81903421336326
15.774420968078498
15.735439407600268
15.702195810368513
15.674821233335878
15.653432528412432
15.638093248534577
15.628901864689933
15.625902237846926
15.629121916690647
15.63860766314552
15.65433906384822
15.676327393517713
15.704516587722658
15.7388813039936
15.779342529767113
15.82580248174659
15.878184808393453
15.936346778679855
16.00017895472525
16.06952099834912
16.14419806029905
16.22405851765673
16.308902816318152
16.39853263878288
16.492739542516595
16.591306894591803
16.69401027190004
16.80061932279737
16.910898349477513
17.02461823726738
17.141521012868786
17.261368377605173
17.383920095964935
22.996303858748863
23.048819591221424
23.09861058140531
23.145619325565967
23.189926532175612
23.23159130207175
23.270376369694514
23.306483542296736
23.33990870131803
23.37064027606011
23.398678848446423
23.42403663712024
23.446729989632033
23.466765317842114
23.48415086120968
23.49890029680197
23.511021433438547
23.520524243229662
23.527419523110982
23.531718072274405
23.5334325847706
23.532571140925878
23.529144811351333
23.523163888312595
23.51463997823206
23.503582900636683
23.490003476587383
23.473911809895153
23.455317943499217
23.43423269371531
23.410666052695696
23.384628542585425
23.35612900673255
23.325179460183445
23.291788947197343
23.25596706664525
23.217724615636385
23.177073288828502
23.134019602911625
23.088577638602985
23.040756619543206
22.990564352827725
22.938021143783576
22.88313917221361
22.825920374075547
22.76638009115
22.70452986314396
22.640387358278957
22.573979265709497
22.505299120833158
22.434377737881075
22.361210484420365
22.285835968091874
22.208270007891795
22.128514608481176
22.0466335792453
21.962608911848196
21.8764685308557
21.84143186563791
16.106835709595064
16.0318894564728
15.961559108147497
15.896011847913133
15.835442655789858
15.78003941347579
15.72994354942966
15.685335191685837
15.646333800380107
15.613096018057933
15.585715222760296
15.564320604721273
15.548975946881995
15.539779743761018
15.536763458649906
15.539991728292554
15.549474379681225
15.56520317413882
15.587189812785276
15.615376880586304
15.649740872274254
15.690201255940693
15.736661402849226
15.789044153636501
15.847206879672482
15.911040511879703
15.98038398827902
16.05506316485685
16.13492579056604
16.21977280992504
16.309405282806026
16.403615341327342
16.50218563474511
16.604892440917745
16.711504640238186
16.821787138971672
16.93550011558647
17.05241174235769
17.172267367820314
17.294821338835188
22.907290874174244
22.95971472775712
23.009439726127994
23.05646088942913
23.10075273876863
23.142337800720345
23.18126321212336
23.217382418670283
23.250754364951565
23.28148001490309
23.309525398367928
23.33488821016877
23.357581491352153
23.377618845732336
23.395007493976
23.409757131620754
23.42187993023319
23.43138634786241
23.438286215524144
23.442590214037466
23.44430533802133
23.443446686653722
23.44002482678942
23.43404950365729
23.425530540305644
23.414478840709155
23.400904813766566
23.384818298689446
23.366230200901438
23.34515049929671
23.321589646862847
23.29555791453496
23.26706555913729
23.236121983412385
23.20273749510618
23.166922970670146
23.12868672535054
23.088042615713995
23.0449962888742
22.99956132457782
22.951748661219142
22.901566568585157
22.849031005309318
22.79414844094007
22.736938376947723
22.67740729381911
22.615571776655596
22.55143492463912
22.48502578795181
22.41636166683955
22.345438772621037
22.272280061582443
22.1969149548607
22.119347423969177
22.03962050370453
21.957732446045643
21.873713259930305
21.787580470589255
21.75254629269562
16.017807078416364
15.942851251855497
15.872499961043086
15.806955401042504
15.74637798624834
15.690966148800193
15.640862303480668
15.596246349791752
15.557237820874068
15.523993172420868
15.49660621113949
15.475205652708986
15.459855838759973
15.450654897663293
15.447634429454006
15.450859123612709
15.460338720397022
15.476064808920727
15.49804923210402
15.526235209818608
15.56059797212164
15.601045560916868
15.647518084744233
15.699901098265675
15.758064887043908
15.821899767591344
15.891232979365713
15.965925848101781
16.045791103803836
16.130640509180623
16.220275902750753
16.314477562596103
16.413051407505165
16.51576140730555
16.622388147584694
16.73267394967981
16.846390725599502
16.963305679604513
17.083154756989003
17.205713363372936
