24.303260492516028
24.31491474000478
24.32395803942493
24.330394050071924
24.334235712340693
24.33548891720068
24.33416306951838
24.330276372316774
24.323833222771047
24.314845549091284
24.303325000417626
24.289281671300326
24.272726025017317
24.253668563118733
24.232119618672108
24.208089145377574
24.181587878044898
24.152625162987388
24.121212277500977
24.087359151245714
24.051075685730357
24.01237234862046
23.97125871922604
23.927743169546687
23.881840962289797
23.833561806646784
23.78292359038384
23.729923441983917
23.674584049962032
23.616910343602406
23.556923634593016
23.494631490573067
23.430043395672694
23.36318100202337
23.294056891059537
23.22269183742346
23.14910119261339
23.073291229433398
22.995298429084425
22.915143895628677
22.83284090842476
22.74838900384845
22.66184684836441
22.573254490181405
22.482600540676085
22.389921007218245
22.29526456704197
22.198639614413096
22.10011293591223
21.999709373641984
21.897469903590196
21.793438134670122
21.687656968667334
21.580183274258076
21.47106628129314
21.36036181213047
21.24812964174252
21.13443290262046
21.08855907114536
16.343236368863025
16.353770737643398
16.370570373448317
16.393593547676304
16.422831351930885
16.458218118362424
16.499672082258662
16.547130477549405
16.600464020989303
16.65957740907068
16.724309966980726
16.79452357403222
16.870065222409572
16.950745508449764
17.036375525300606
17.12675515887644
17.221675186721757
17.320928693726994
17.424268047044407
17.531484630271517
17.642330876402855
17.75656749653205
17.873951704746577
17.994246966073142
18.117197705678567
18.24256137293652
18.370093902223694
18.500035626497894
18.631348113218625
18.76494687994607
18.89897432171852
19.03452654092041
19.168747382166462
19.305258455049824
19.44249188023015
19.579375224522995
19.717130167500695
19.854290981723988
19.99060866433418
20.12537345417799
24.214138485080024
24.225800960294702
24.23484364832535
24.241280990771738
24.245127312250403
24.246385769949462
24.245065629294665
24.241181440999448
24.234742908053846
24.225760620378114
24.214243832434793
24.20020684268811
24.18365676177445
24.164605062335134
24.143062102605203
24.119038043382897
24.0925430611986
24.063587186843154
24.032181274195985
23.998334022208564
23.962057487110172
23.923360483130487
23.882254227965685
23.8387496344827
23.79285487026843
23.744585016230417
23.693947342637586
23.640953254639882
23.58561978886255
23.52795745655125
23.467973903827776
23.405690863394856
23.341113014764925
23.274261797039305
23.205156161632136
23.133778014094602
23.06020149131926
22.984402644863437
22.906419451791685
22.82626160110685
22.74395791422222
22.659525656473154
22.57299623519137
22.48439435255881
22.393753779190256
22.30108863201406
22.206423057849094
22.109814475623402
22.01129309116341
21.91089452785857
21.80865967742056
21.704628720764592
21.598855131800484
21.491385153498676
21.38227144883314
21.27157005252407
21.159340401737577
21.045645863038022
20.999772708723768
16.254114058157093
16.264657328657126
16.281454112800343
16.30447511548325
16.333710701313617
16.369084190509813
16.41054959455379
16.45799516623232
16.511341577569066
16.570443381477954
16.635189096985197
16.705403955030764
16.78094736467916
16.861629818883372
16.94726209338225
17.037644482239312
17.132566976466865
17.23181233039298
17.335166025029817
17.4423811238706
17.553224814064933
17.667464525181803
17.78485241054843
17.905154015163113
18.02810514841172
18.15348158505775
18.281021449247515
18.410813233937404
18.542037832577943
18.675461943805455
18.808567265937405
18.94496779104662
19.080790807073512
19.21587335855172
19.353629378192398
19.49090860641451
19.627622359901665
19.764276238524833
19.90041237860569
20.03645647978722
24.125011725404452
24.136679063256494
24.145722942935137
24.152168775136495
24.15601108474109
24.157277605744486
24.15596343578772
24.15208380498781
24.145650240793287
24.136672310664725
24.12516108607481
24.11112939691771
24.094584772126332
24.075538874416306
24.054001898833235
24.029983936814187
24.003495386354555
23.974546348697235
23.943146335573584
23.909306696443192
23.873035343710914
23.834347063228666
23.793247647400914
23.749748724763474
23.70386558404331
23.655604055498365
23.604967901000528
23.551989303528522
23.4966595644512
23.439001108405517
23.379034292284203
23.316747819315427
23.252173512407257
23.18532683418216
23.116226031763915
23.044883640681967
22.971313654495226
22.895522141053178
22.81753145114022
22.737380992425177
22.655092328838187
22.57066142958463
22.484136919119408
22.39556541094063
22.304910840880172
22.212239487828306
22.117589368770876
22.020985586427834
21.922469437698247
21.822075827138395
21.719842175878014
21.615819022152163
21.510049510719693
21.40258323692725
21.293472809712245
21.18277432901815
21.070547339138486
20.95685479148563
20.910982430103584
16.16500098974922
16.17554105524569
16.19232239439895
16.215353729865843
16.244588078957328
16.279959928948493
16.321424840523
16.368870159571795
16.42221655893324
16.481319071401433
16.546065950464985
16.61628214190682
16.691827155531193
16.772511741329044
16.858146354109405
16.948531177933035
17.043456760143126
17.142704961592706
17.246051310800304
17.353273953711753
17.464126899097977
17.57837014985993
17.695761206293767
17.81605596889506
17.93901384141614
18.064390146636768
18.19193327101581
18.321471124828545
18.452716941130113
18.585464977263914
18.719642999693303
18.85443892279609
18.99109580348607
19.126598058204635
19.263378109878815
19.40025444935124
19.53744993032702
19.67449415577611
19.811016275919243
19.947330161329333
24.035886741184004
24.047558341007036
24.056611071231245
24.063054805560625
24.066904947587275
24.068167761337875
24.066858678688366
24.062983140795172
24.056553887526878
24.04758193911425
24.036076747663795
24.02204879824346
24.005510197642916
23.986470132709094
23.964939065017575
23.940927212581197
23.914444989062915
23.88550197936182
23.8541090817668
23.820276605276142
23.784013092222867
23.74533031199611
23.704238097972684
23.66074774964803
23.614868842512454
23.566615153672977
23.515987178484924
23.46301458443785
23.407691494273042
23.35004252125937
23.290076402742873
23.22780347347826
23.16324385680603
23.09640980971779
23.027295071988657
22.955973354880665
22.88240845604769
22.806616175740498
22.728652032544176
22.648509873774948
22.566213217355507
22.481804328758358
22.395308377314112
22.30665900635267
22.216055717739355
22.123401153047134
22.028747663026802
21.932152966600487
21.83364213152125
21.733253431705144
21.63102445609145
21.5270056536671
21.421240214175768
21.31377757629167
21.204670464100385
21.09397490824924
20.981750349162088
20.868060010492943
20.822188349449494
16.07588591411338
16.086422773901123
16.103201369811796
16.12623020555787
16.155451083466087
16.190833494764814
16.23229751750988
16.279742821398674
16.33308946502885
16.39219245662358
16.45693186756715
16.527158165235583
16.602705293446604
16.683391832928628
16.769028787434472
16.859416282435603
16.95434470409009
17.053596038790854
17.156944848918375
17.26417123299624
17.375016826302428
17.489263664309863
17.606658013832877
17.726956461778524
17.849923865154167
17.97530018313355
18.102852811597256
18.232331783707767
18.363602329549618
18.49630876098008
18.63103508728658
18.765656094831353
18.901221232753144
19.037409796863287
19.1743438468681
19.31150700409702
19.449101279721717
19.585059929129248
19.721608500778395
19.858898765181756
23.94675975841307
23.958429246302494
23.96748695024598
23.97393729629948
23.977787995959552
23.979057781767526
23.97775174277502
23.97388023974521
23.967455995448482
23.958488457485153
23.946988796296257
23.932966798312027
23.91643319824993
23.89739876082163
23.875873492845013
23.851867882313822
23.825391726653226
23.796455500223452
23.76506863211464
23.731242465782774
23.694986120392254
23.656309692357073
23.61522487322983
23.571740554338135
23.52587027369039
23.47762042082896
23.42700515643475
23.3740388707647
23.318730935913464
23.2610841410074
23.20112073880532
23.13886258497454
23.074304707101494
23.007470004671653
22.938384343616008
22.86705016100981
22.793485016271404
22.71770913031748
22.63974087347268
22.55960564605515
22.47732808210494
22.392948129421043
22.306421083152294
22.217823159457826
22.127197642841175
22.034544692036448
21.93990589568418
21.843316725228235
21.744811122686308
21.644424026545142
21.54220300929745
21.438188558813202
21.332427068813743
21.22496809801653
21.115864240404232
21.00517161429618
20.892949558918502
20.77926147957471
20.733395150760373
15.986768048120426
15.997288863327695
16.014077305951457
16.037104286591255
16.066322436204448
16.10170449799252
16.14315560262584
16.19061301128489
16.24394774426422
16.30306406176071
16.36780087713682
16.43803235251658
16.513580940743704
16.594269672856864
16.679908505678227
16.77028799768922
16.865219369693364
16.96447372563588
17.067836976674034
17.17505562465322
17.285915512408877
17.400165366383494
17.517563264055134
17.63786495909501
17.76082596623414
17.886212007050585
18.01376115332633
18.143243138610035
18.27445936959261
18.40728028776689
18.541942335510267
18.677490374999905
18.818257886849615
18.949343302541543
19.08633461508604
19.222762628713827
19.359417679283943
19.496455817677024
19.63310935597771
19.769755992593193
23.857629238804257
23.86930480150284
23.87836221733377
23.884814915972303
23.8886718898224
23.889944589836524
23.888641436165948
23.884775158930562
23.878355351371013
23.869392868668303
23.857898101029527
23.84388172677272
23.827353631243025
23.808324791199265
23.786805426757493
23.76280566516949
23.73633589855074
23.707405985951414
23.676025893399327
23.642206253557248
23.605956701572126
23.567288096680674
23.526210072344675
23.482731996853285
23.43686624998408
23.388625620394333
23.338021244600522
23.285056452519036
23.22975559766761
23.172126749832742
23.112163630496735
23.04991102861305
22.985359433259145
22.918536772538094
22.8494650951345
22.778135688161335
22.704589388947205
22.628813165264962
22.550869134069366
22.470723820270443
22.388454528288566
22.304036142526016
22.217570818502704
22.1289600027595
22.038342074459358
21.945691541636123
21.851060532504594
21.754476873536916
21.655973202898842
21.555594269501107
21.4533779181785
21.349367677609134
21.24361021649826
21.13615485887981
21.0270543235356
20.91636448763174
20.804145057741213
20.69046360755039
20.644593489419986
15.897647752227943
15.908165307399434
15.924951080900438
15.947963144118336
15.977192228643272
16.012573572387335
16.054023984265154
16.101481078451787
16.154816347743584
16.21393297242586
16.278671198434292
16.348903875387066
16.424454573846315
16.50514565437561
16.590775858507417
16.68116888936647
16.776103094970498
16.875360611788437
16.978727114606748
17.08594911600611
17.196812183536245
17.31105523308794
17.428456565233283
17.548761591198932
17.67172615813058
17.79711542669486
17.924677110908117
18.054162102136793
18.185342376944046
18.31808356333811
18.452154741070576
18.589444533654316
18.72582852842152
18.861932842563597
18.99639497332206
19.133095659422718
19.273188098768962
19.410070640578372
19.543341294437575
19.680578374422222
23.76849723924048
23.78017622593165
23.78923713570881
23.795691902905766
23.799553890317238
23.800828939776448
23.79953011132557
23.795668692421017
23.78925295014682
23.78029460488919
23.76880470487236
23.754793610033936
23.73827133456377
23.719248211531113
23.697734623088937
23.67374087636966
23.647277364335064
23.6183538259963
23.586980067357555
23.553167119576052
23.516924017641312
23.478263101054416
23.43719152394605
23.39372132327331
23.347864254030572
23.29963172959108
23.24903223236795
23.196076051904388
23.140777228463584
23.08315481283175
23.023202639236775
22.960961760205738
22.896425869097065
22.82960484443628
22.76052529545318
22.689209593924822
22.615663628972225
22.53991522196739
22.46194414486713
22.381821123195927
22.2995670060094
22.215190160966067
22.12866573478953
22.040099684843867
21.949472794301144
21.85683681696806
21.762211600861256
21.665633311077617
21.567134827308685
21.46676081537093
21.36454905826497
21.26054314573778
21.154789615851428
21.04733784698818
20.93824059662418
20.82755366598634
20.715336648451675
20.601657340973293
20.555787993870272
15.808511920990883
15.819039065401398
15.835822177029783
15.858832160703399
15.88805994570682
15.923427229615028
15.964889603107691
16.012346941839247
16.065682165107024
16.124799885777605
16.189539367465333
16.25977360814145
16.335326173258707
16.41600763009667
16.50165225987434
16.59204795296854
16.686985202182335
16.78624581905454
16.889604440109725
16.99684072637918
17.10769654323554
17.221953547811527
17.339358151370078
17.45966325032094
17.58262679977483
17.708017112956675
17.835582168555334
17.96507009012173
18.09625331141648
18.228965136686686
18.362903742899967
18.497914772142874
18.633810244696488
18.774691825382302
18.907775033140553
19.046003287509162
19.18124106493045
19.32080504628061
19.455874512289355
19.589926234607116
23.679362115077176
23.691042270580443
23.700107827942222
23.706567183341893
23.710431336679825
23.711710797505976
23.710415663731542
23.706558077964523
23.700147443401846
23.691194735312855
23.679709846373747
23.665703689223058
23.64918664440233
23.630169065350852
23.608661385962026
23.584673611712134
23.558215838504147
23.529298431231727
23.497931187073267
23.46412477199021
23.42788909102756
23.38923353413735
23.34817031566142
23.30470903867827
23.258858345655412
23.21062961696129
23.160038571756715
23.10709179066639
23.05180037153097
22.994181229447193
22.934246182478432
22.872002724471326
22.807470025633535
22.740661815582207
22.67159352626643
22.600288471106378
22.52675433764005
22.45098446743921
22.373051890008743
22.292924512894718
22.210676487599148
22.126289164132096
22.039789072074548
21.95122288610312
21.860611244040072
21.767978563294605
21.673358999594637
21.576783125949188
21.478292873102976
21.377923713077024
21.275716483412605
21.17171493602071
21.06596524058211
20.958517099597845
20.849423053449005
20.738739089873203
20.626528322916673
20.5128473657926
20.466978654062732
15.719386665375493
15.729910642725427
15.74667912279547
15.769698923902528
15.798924788953691
15.834291362595062
15.87575322330735
15.923198041903174
15.976546150734201
16.035664584499674
16.100405080754765
16.170641299082277
16.24619574388014
16.326879384332596
16.412526609724907
16.502924927096092
16.597865081294195
16.697128766229856
16.800490698601745
16.90771949096242
17.018589557810724
17.132839478678623
17.25024780670865
17.37055986769069
17.493530987444565
17.618917333590094
17.746485442502067
17.87598540593875
18.007171351987175
18.139819016973483
18.27413823679185
18.408897895653837
18.544663162691357
18.6817801332068
18.81981667886095
18.955816807152033
19.092330523807853
19.22989366063409
19.367535477661388
19.502162661432017
23.590225572884382
23.60190998374128
23.610976949163785
23.61743736094379
23.621307811599188
23.62259034735642
23.621298889912886
23.617445793459094
23.611039391534696
23.602091402452302
23.590611351926015
23.5766110943012
23.56009931703207
23.54108731833042
23.519585272926008
23.495603548086848
23.46915195749413
23.44024097041991
23.408880765518532
23.375080482166503
23.338851676612546
23.30020390214125
23.259147267044163
23.21569163028301
23.1698492044437
23.12162880081243
23.071045203724996
23.018108958093137
22.96281776587987
22.905207453250803
22.845279054215613
22.783048673658648
22.718515816053905
22.651728226152393
22.58267974081077
22.51135959864918
22.43783132408144
22.36207730601859
22.284133227725356
22.204039808399383
22.121783890876006
22.037390723386473
21.950918298700827
21.862346437477335
21.771743467099437
21.679116734005657
21.584499826790342
21.48793229908678
21.389447187234833
21.28908285617854
21.186880244962918
21.08288285373207
20.97713717524257
20.869692650746934
20.760601798147768
20.649920681227496
20.537713213429928
20.424033467437933
20.3781655355163
15.630258411307398
15.640779116698146
15.657544435677575
15.680563087176012
15.709775019819157
15.74515310117863
15.786614389203452
15.83405904479271
15.887407844262256
15.94651499225244
16.01126900289334
16.081506481304086
16.157051274453195
16.237749250216584
16.323398618370405
16.413799978676813
16.508742919780723
16.608009843404847
16.711375103604727
16.81860732288189
16.929470642926752
17.04373413041777
17.161145764032366
17.2814511574683
17.404425909475716
17.52981555761293
17.657386912413813
17.786890149475262
17.9180789474783
18.050729334286668
18.184678031400924
18.320231779496176
18.45555611254007
18.59183162947835
18.731099450121597
18.86784737487971
19.00390435673672
19.140820592536073
19.2767078462749
19.413257550597255
23.501085509478504
23.51277334080104
23.521844438160972
23.52830786024792
23.532179558474144
23.53346734573629
23.532181308392502
23.528331809799532
23.521929727677595
23.512986042119085
23.501511304490613
23.487515854776934
23.471009573731752
23.45200305170098
23.43050682090096
23.406530948061505
23.380085513808137
23.351180644084085
23.319826150451636
23.28603252794564
23.24980991064429
23.211168980913943
23.17011965132784
23.126671230413457
23.080834036433284
23.03262407563374
22.982041921009547
22.929110205764907
22.873837868365868
22.81623414616704
22.756308963418487
22.69408579205747
22.629576281885658
22.562781919490526
22.49372507744029
22.42243413805521
22.348899320694425
22.27316072941633
22.19523442567459
22.115135026180653
22.032887649380083
21.948489693837672
21.86202532133236
21.773474189082357
21.68287074453778
21.590248546218838
21.495640111542155
21.39907788790265
21.30059792580656
21.200238431329893
21.098040365814374
20.99404724111233
20.888305517834002
20.7808645390399
20.671776915283022
20.561098620016384
20.44888965714534
20.335211311894536
20.289343945079093
15.541127870551101
15.551645654865185
15.56840841731266
15.59142478435184
15.620635462801074
15.656012446187953
15.697461059773884
15.744918311916807
15.798267132717786
15.85737523625546
15.922130574052117
15.992369891005678
16.067916467490242
16.148616623536817
16.23426893537359
16.324672899976914
16.41961922986329
16.518889126620795
16.62225776690272
16.729493329425654
16.84035961702449
16.95462702373602
17.07203198921999
17.19235086980484
17.315328678920118
17.440715732232256
17.568286845302342
17.69779317170866
17.82899377822964
17.961646702347764
18.0955320866426
18.23066039449741
18.366515073194638
18.502923803139776
18.63973494940713
18.776676534458005
18.913868331766064
19.052666272893628
19.188348577767815
19.32423703258719
23.411943285475772
23.423631673271412
23.43270680508768
23.439176902491365
23.443051951542873
23.444341033418766
23.44305761511607
23.439213350939486
23.432815822938
23.423877594310397
23.41240816229245
23.398417867527844
23.381917083937203
23.362916261087587
23.341425627461643
23.317455517200386
23.2910162061432
23.262117838911582
23.230769869327656
23.196983266193318
23.160767359423122
23.12213233953243
23.081088156532086
23.03764785326464
22.99181958824599
22.94361212028317
22.8930420295668
22.840115344966733
22.784848969238894
22.72725750224503
22.667343161273728
22.60512525073302
22.540612815786897
22.473815716278697
22.404774168495045
22.333488678616817
22.259969550373757
22.184230306723606
22.10631624266808
22.02622764696226
21.943985235287222
21.859609186727653
21.773138258631718
21.684590917301595
21.593994852175236
21.501379616940003
21.406776772507964
21.310219956712867
21.21174509949471
21.111390452947727
21.009196883213143
20.905207984159418
20.799470123601946
20.692032675709346
20.58294828884448
20.4722728116953
20.36006567246588
20.24639007208193
20.200523377875285
15.45199463604513
15.462496883280751
15.47926980903582
15.502271736260685
15.531493340944957
15.566869449751943
15.608317447376702
15.655774788541029
15.709123474724963
15.76823334995083
15.832989992432084
15.903219165705382
15.97877998794292
16.059482345657656
16.14513717200893
16.235544009084474
16.330482017796232
16.429755457185333
16.53312735927304
16.6403772182206
16.751247021884364
16.865507539703785
16.982926323306877
17.103238793949284
17.226220281895543
17.351616617715393
17.4791851079363
17.608694371219464
17.73989799608219
17.872553676106254
18.00644162937463
18.14158646079921
18.277537651926185
18.413832305339287
18.5504722174095
18.687229815092522
18.824300948302927
18.96193308616531
19.101531345836758
19.23531184647347
