85.77159546126133
85.86233390135548	
85.95403077517516	
86.04574574372	
86.13980056381739	
86.23226501680524	
86.3262134376684	
86.42097687013657	
86.51606993208011	
86.6113890051902	
86.70708903163066	
86.80311772456537	
86.89945179411656	
86.9958852231663	
87.09232636868636	
87.18882657392967	
87.28546511344292	
87.38192283055052	
87.47829524665246	
87.57448345458917	
87.67046755748567	
87.76625545870245	
87.86167729823396	
87.9567644053588	
88.05144596693204	
88.14566840372814	
88.23937989245736	
88.33253685322096	
88.42508960506785	
88.51699004555081	
88.60819130520106	
88.69864495018511	
88.78830680702922	
88.87712350131022	
88.96505000551483	
89.05204029804621	
89.13804725318676	
89.2230199209679	
89.30692022311048	
89.38968418029378	
89.47126788294052	
89.55162141168553	
89.63068314311948	
89.70842831623064	
89.78481188130483	
89.85973440681775	
89.93319106461732	
90.00511383230122	
90.07544202290934	
90.14411650431421	
90.21113277901786	
90.27638556322322	
90.3398046290594	
90.4013903828843	
90.46101199466075	
90.51869796094854	
90.57435640789238	
90.62789084742941	
90.64870202707532	
89.10634968274218	
88.9824619338617	
88.85589968183666	
88.72683161619491	
88.59543741412213	
88.46190777288238	
88.32644186308241	
88.18924821671088	
88.0505444269228	
87.91055460536462	
87.76951224399993	
87.62765406606337	
87.48522633080425	
87.34247501239355	
87.19965539491034	
87.05702080326007	
86.91482529156801	
86.77332990621782	
86.6327886400508	
86.4934527816929	
86.35557936561125	
86.21940962791115	
86.0851924325074	
85.95315710295266	
85.82354017442184	
85.69655537258795	
85.57241905700474	
85.4513379104689	
85.3335015390294	
85.2190913902127	
85.10827800991997	
85.00122019777757	
84.89806997878217	
84.7989508737119	
84.70399579317808	
84.61330813142966	
84.52698469931359	
84.445109448528	
84.36775379486241	
84.29498393234601	
85.75135121452331	
85.84181643270885	
85.93337157194101	
86.02545119178941	
86.11806483482506	
86.21200413178664	
86.30573554382461	
86.4000779803691	
86.49511752908042	
86.59059973533387	
86.68622695534683	
86.78209177433592	
86.87833648922414	
86.97473776956693	
87.07109036492156	
87.16756220248934	
87.26401042084947	
87.36049558543758	
87.4568052692587	
87.55293366759732	
87.64883372960348	
87.74452219115034	
87.8399035603094	
87.93492626322096	
88.02953888516451	
88.12370249268152	
88.21734617489234	
88.31043780889415	
88.40292635718299	
88.49476339605552	
88.58590179508691	
88.67629417878057	
88.76589626717731	
88.85464937049856	
88.94252222439962	
89.02945467180676	
89.11540815172572	
89.2003229278163	
89.28416198831549	
89.3668705685505	
89.44840220751395	
89.52870515919774	
89.60773906875731	
89.68543939422321	
89.76175217286519	
89.83666227622444	
89.9100698413153	
89.9819322237154	
90.0522369407819	
90.12088837649142	
90.18785506731886	
90.25304777175594	
90.31646230278575	
90.37799711769985	
90.43759300505776	
90.49527776318261	
90.5508980743209	
90.60442922592838	
90.62522865431201	
89.08438899174084	
88.96055748929534	
88.83407108003846	
88.70506951168473	
88.57374206014515	
88.44027934281513	
88.30488035131572	
88.16775397209223	
88.02911735147899	
87.88919466756883	
87.74821936331708	
87.60642816813468	
87.46406725753187	
87.32138255758177	
87.17862928414999	
87.0360587263635	
86.89393105205419	
86.75250105413886	
86.61202203918113	
86.47275344652822	
86.33494404596638	
86.19883779510042	
86.06467990942288	
85.93271040356537	
85.80315370318444	
85.6762310135518	
85.55215448586877	
85.43113286744938	
85.3133547508219	
85.19900182951264	
85.08824480921517	
84.98124209363256	
84.87814050038224	
84.77907959878272	
84.6841701390218	
84.59353250123745	
84.50725752948777	
84.42542919383843	
84.34812225308248	
84.27539285403685	
85.73118068400031	
85.82169929275629	
85.9128225276556	
86.00468627307774	
86.0975778102616	
86.19097249377208	
86.2849769243568	
86.37948719780191	
86.47436748190681	
86.56951651490728	
86.6652191212341	
86.76111294596431	
86.85719627449123	
86.95354675114973	
87.04989659050828	
87.14627937625119	
87.24271751691289	
87.33908105320292	
87.43532895211548	
87.53142988269006	
87.62723402091616	
87.72284395252684	
87.818152274847	
87.91310744520187	
88.00765874687256	
88.10175071107385	
88.19533091459081	
88.28836025987152	
88.38078510815002	
88.47255937295493	
88.56363572754863	
88.65396575103652	
88.74350533260198	
88.83220465890517	
88.92001548709548	
89.00689397452155	
89.09278512988811	
89.17765074293604	
89.26143708792456	
89.34409384225332	
89.42556199138669	
89.50582816106068	
89.5848051026957	
89.66246298310593	
89.7387374451518	
89.81358788777725	
89.88694656923902	
89.95878842901288	
90.02904112942274	
90.09767744994258	
90.16457958850516	
90.2297321482202	
90.29311760563884	
90.35464338092557	
90.41423918917037	
90.4718470110099	
90.52745964519949	
90.58094115588841	
90.60175941620572	
89.06244875867537	
88.93869319436722	
88.81226213796398	
88.68332668447877	
88.55206583811521	
88.41866936731019	
88.2833370195135	
88.14627736003754	
88.00770692525523	
87.86785152367301	
87.72694188626242	
87.58521822721016	
87.44292226267692	
87.30030517043386	
87.15761785173443	
87.01511296626144	
86.87305061716341	
86.73168312074654	
86.59127119460918	
86.4520667276166	
86.31431781970282	
86.17827785997889	
86.04418251055871	
85.91227495530481	
85.78277684644816	
85.6559171963909	
85.53190038241387	
85.41093763266696	
85.29321733776702	
85.17892152915613	
85.06822030830473	
84.96127257976761	
84.85822458826681	
84.75921072684152	
84.6643579877706	
84.57377019378632	
84.48754132696475	
84.40576170595646	
84.32849744485411	
84.2558085611218	
85.71101856978376	
85.80163109647495	
85.89277413700688	
85.98451516226093	
86.07690904741146	
86.17022708555484	
86.26415119937617	
86.35876902270951	
86.45348745943785	
86.54881185570406	
86.64418501178524	
86.7400819561295	
86.83610083352778	
86.9323779115376	
87.0286852216493	
87.1250276023102	
87.2213238306307	
87.31760392512285	
87.41381729659696	
87.5098209959563	
87.60564538523955	
87.70118347004018	
87.79642822730302	
87.89131780761718	
87.985796956636	
88.07982065950777	
88.17334077259727	
88.26630435863954	
88.35866580101279	
88.45037759998141	
88.54139167209743	
88.63166223546435	
88.72114103033236	
88.80978103986902	
88.89753263783726	
88.98435382289647	
89.07019145275551	
89.1550000831368	
89.2387313011203	
89.32133572621734	
89.40276714280006	
89.48297069243687	
89.56190097043877	
89.63950956392699	
89.71572825516672	
89.7905465574673	
89.86387843668251	
89.93567760297617	
90.00589975125634	
90.07448659184747	
90.14134738185308	
90.20646258312756	
90.26980963787452	
90.3312985586057	
90.39087414661714	
90.44847432100258	
90.5040569730038	
90.55750296968506	
90.57829974128681	
89.04052897369107	
88.91683847057007	
88.790472812246	
88.66160305519917	
88.53040814113983	
88.39707777918565	
88.26181166110023	
88.12481830137018	
87.98631419613957	
87.84652509889142	
87.7056817098575	
87.56402415026095	
87.42179417093901	
87.27924285786806	
87.1366192458028	
86.9941814316376	
86.85218402891685	
86.71088110951708	
86.57053341054721	
86.43139262551055	
86.29370698380978	
86.15772969965032	
86.0236965598428	
85.89185042181998	
85.7624132685007	
85.63561379137931	
85.51165624590747	
85.39075195327145	
85.27308940118046	
85.15885019578838	
85.0482046742884	
84.94131146784348	
84.83831702776095	
84.7393552372359	
84.6445535252082	
84.55400949360256	
84.46783091861177	
84.38609606331715	
84.30887615123325	
84.23623089122556	
85.6909682631338	
85.78105578271601	
85.87295112327209	
85.96425373263568	
86.05651505544948	
86.14969949771098	
86.24344898442486	
86.3378566978344	
86.43276215273596	
86.527919312926	
86.62333427313128	
86.71905565271108	
86.81511276373867	
86.9111963106671	
87.00750901368941	
87.10377814133936	
87.20006676264829	
87.29625603169458	
87.39235613516651	
87.4883112575494	
87.58405547324088	
87.67953717916063	
87.77472084661825	
87.86954187760333	
87.96395702851125	
88.05791563052821	
88.15136854293131	
88.24426948644914	
88.33656826054722	
88.42821809893275	
88.5191701954879	
88.60938060833098	
88.69879817386409	
88.78737944693695	
88.87507477131751	
88.96183847800337	
89.04762211282264	
89.13237719501224	
89.21605378694846	
89.29860599765605	
89.3799885700838	
89.46013647178087	
89.53902431207905	
89.616585158664	
89.69277430282074	
89.7675308765549	
89.84081843062509	
89.91257327549067	
89.98276844814468	
90.05131267898489	
90.1181425697934	
90.18323821321755	
90.24655001745577	
90.30798381359418	
90.36754400100756	
90.42512463425118	
90.48065297178454	
90.53413263017215	
90.5548895271637	
89.0186294413968	
88.8950036101905	
88.76870364879932	
88.6398985275898	
88.50876913292419	
88.37550446436	
88.2403041602206	
88.10337665890631	
87.96493848788712	
87.82521527043194	
87.68443769873998	
87.54284542554704	
87.40068143206899	
87.2581954598123	
87.11563695344697	
86.97326402742016	
86.83132889259213	
86.6900924179491	
86.54980843389728	
86.41072815244205	
86.2731083119155	
86.13719005287267	
86.003221952215	
85.87143702531166	
85.74206025911448	
85.61531640799149	
85.49142202602637	
85.37057600432112	
85.2529707147595	
85.13878782105566	
85.02819270823078	
84.92135357449834	
84.81841203793267	
84.71950758890745	
84.62475082877647	
84.53426176262535	
84.4481311764637	
84.36643750398943	
84.28926474448929	
84.21666563714645	
85.67084860715849	
85.76079481611396	
85.85170617704449	
85.94403152550458	
86.03620531149534	
86.12923291887492	
86.22288975256733	
86.31718567089582	
86.4118719134679	
86.50702084244543	
86.6025027036385	
86.69806853861749	
86.79403576396369	
86.89018806589081	
86.98630257088634	
87.08252713246276	
87.17872196671328	
87.27489606733477	
87.37093299464358	
87.46682149917415	
87.56249367876617	
87.65791886799165	
87.75303227809749	
87.8477884127128	
87.9421384277537	
88.03603040649642	
88.12941863569691	
88.22225667371318	
88.31449237932458	
88.40607989682262	
88.49697185154187	
88.58712038959489	
88.67648009815268	
88.76500178894534	
88.85263900757958	
88.93934600345753	
89.02507314394104	
89.10977346962657	
89.19340110238493	
89.2759057222125	
89.35723867389706	
89.43733847062036	
89.51618143526412	
89.5936852945075	
89.66982900979949	
89.74454830954087	
89.81779921284996	
89.88951168251333	
89.95963691045607	
90.0281585799513	
90.09496604474229	
90.16002452880309	
90.22329433355672	
90.28472619207582	
90.34424183381024	
90.40176088520313	
90.4573242650927	
90.51073277362275	
90.53152056172635	
88.9967510048871	
88.87318855118525	
88.74695320830826	
88.61821298291872	
88.48714870658767	
88.35394939446742	
88.21881442840726	
88.08195208350458	
87.94357972622608	
87.80392122525464	
87.66320980907274	
87.5216820803824	
87.37958398087413	
87.2371613418499	
87.0946691549637	
86.95236066837936	
86.81048962853082	
86.66931696054104	
86.52909568996778	
86.39007900501848	
86.25252162029388	
86.1166653118869	
85.98275861164025	
85.85103076291044	
85.72171794916814	
85.59503346348025	
85.47119781863516	
85.35040951991843	
85.23286114806626	
85.11872949497105	
85.0081941998632	
84.90140910849023	
84.79852044558386	
84.69966223162122	
84.60496140931096	
84.51451570230063	
84.42843262070542	
84.34679026542993	
84.26966000348045	
84.19710077418819	
85.65012691959281	
85.74027199281683	
85.83137403519467	
85.92310591444596	
86.01586511687897	
86.10878355472354	
86.20241196062351	
86.29652997472655	
86.39112673250719	
86.48607356055211	
86.58145888778482	
86.67711456167805	
86.77294338442881	
86.8690475540341	
86.96513330556618	
87.06132708916081	
87.15742734928232	
87.2535243620846	
87.34951571156863	
87.44533485404584	
87.5409544826176	
87.63630955423098	
87.73135513374375	
87.82605260731962	
87.92033806692545	
88.01416746623966	
88.10749243953786	
88.20026433577775	
88.29243801288999	
88.38396428748199	
88.47479539038504	
88.56488483821327	
88.6541845060417	
88.74264848532408	
88.83022954873363	
88.91688010625332	
89.00255389199003	
89.08719589409856	
89.17077326233948	
89.25322062286824	
89.33449661618111	
89.41456146021876	
89.4933488992628	
89.57081620984259	
89.64692014884348	
89.72158812163947	
89.79479413103157	
89.86646752121834	
89.93656157170795	
90.00502651040172	
90.07180426606028	
90.13684830713808	
90.2000806014932	
90.26148423295886	
90.32094409275646	
90.3784609164683	
90.43397457309695	
90.48738716134969	
90.50816498980535	
88.97489187957436	
88.85139319313994	
88.72522205923403	
88.59654679299894	
88.46554676951072	
88.33241233610418	
88.19734236259103	
88.06054508108134	
87.92223780278213	
87.7826443434899	
87.64199791934838	
87.50053503914157	
87.35850165900641	
87.21614353813354	
87.07371570363894	
86.93146914091356	
86.78966389754294	
86.64855457849396	
86.50839430115661	
86.36944218819167	
86.231945960177	
86.09615218559011	
85.9623065927887	
85.83063904507891	
85.7013859543687	
85.57476061276542	
85.45098319856078	
85.3302525158299	
85.21275618290737	
85.09868489764003	
84.98820436073291	
84.88147297019644	
84.77863691337392	
84.67983006169366	
84.58517937740972	
84.49478248785708	
84.4087468467172	
84.32714454799446	
84.25005853284657	
84.17754225885334	
85.62991504748807	
85.72001700977835	
85.81086167130728	
85.90269791273606	
85.99527240394089	
86.0883484140246	
86.18184611636775	
86.27590777767449	
86.37043193450093	
86.465437204996	
86.5607017064749	
86.65624109996585	
86.75233172253044	
86.84793783713206	
86.94402679234985	
87.04009501009064	
87.13619724468248	
87.23221972570929	
87.32813011845342	
87.4238854441689	
87.51943493884535	
87.61472941878453	
87.70971004411214	
87.80433848428886	
87.89855691964364	
87.99232126405367	
88.0855828397129	
88.17829359643129	
88.27040509278076	
88.36186943941794	
88.45263976914953	
88.54267003262215	
88.63191219105376	
88.72031896903488	
88.8078423621619	
88.89443549266667	
88.98005589754652	
89.06464518931342	
89.14816728747651	
89.2305636577539	
89.31179554172579	
89.39180331492936	
89.4705533979711	
89.5479715766705	
89.62402454395571	
89.69865057142943	
89.77180501552067	
89.84345503220155	
89.9135056833923	
89.9819338464114	
90.0486909640189	
90.11368411270726	
90.1769259966102	
90.23824539996613	
90.29769927006903	
90.35520985790104	
90.41067709036534	
90.46407757901966	
90.48483626590726	
88.95305258877048	
88.82962774882702	
88.70351010605602	
88.57489894656025	
88.44396322007674	
88.31089326043153	
88.17588786834717	
88.03915523839363	
87.90091261556097	
87.76138380363453	
87.62080196178495	
87.47940354092735	
87.33746396707419	
87.19514046691954	
87.05277648496427	
86.91059356419083	
86.76885164576706	
86.62780529769569	
86.48770759402045	
86.34881763384811	
86.21138094905086	
86.07565050225882	
85.94186430288194	
85.81025807539386	
85.68106441601357	
85.55449782863589	
85.4307783642445	
85.31010480635952	
85.19266482509875	
85.07864898281535	
84.96822290612528	
84.86154486251513	
84.7587610872139	
84.66000534838639	
84.5653989745064	
84.47505627945701	
84.38906212351039	
84.30751141075228	
84.23046972580671	
84.15799603302221	
85.60979824534523	
85.69970928950535	
85.79066122627083	
85.88221938166986	
85.9749123418186	
86.06791848168129	
86.16132123875106	
86.25541047914058	
86.34985861705964	
86.44473077879528	
86.5399865844909	
86.63544775855347	
86.7311400724614	
86.8269734368698	
86.92290766677326	
87.01893384509526	
87.11493595808473	
87.21090762463298	
87.30679335388928	
87.40245254062262	
87.49793334674669	
87.59317094370546	
87.68808315249503	
87.78264515485276	
87.87679753388412	
87.97049936219454	
88.063695582556	
88.15634375839473	
88.24839347859049	
88.33979725225527	
88.43050699076565	
88.52047743754967	
88.60966047824581	
88.69800812510304	
88.78547711789678	
88.87201771330365	
88.95757586657217	
89.04211544578024	
89.12558539352976	
89.20792723885889	
89.28910465508028	
89.36907692456329	
89.44776901288921	
89.52514888397077	
89.60115964420278	
89.67573820592544	
89.74885536607134	
89.8204656027882	
89.89049489291044	
89.95886659487772	
90.02558647851664	
90.09053861606074	
90.15374973876916	
90.21507739786492	
90.27449488997378	
90.33193965900804	
90.387402153868	
90.44079833773927	
90.46153286811307	
88.93123316079262	
88.80786195075854	
88.6818172410056	
88.55326976382177	
88.42239795090826	
88.28939205450037	
88.15445083943469	
88.0177824392899	
87.87960408208451	
87.74013948541777	
87.59962080112523	
87.45828741857636	
87.31638083599375	
87.17415194957505	
87.0318514264534	
86.88973175646106	
86.74805272217897	
86.6070664632617	
86.46703339090692	
86.32820237385458	
86.19082984425795	
86.0551603119738	
85.92143200078887	
85.78988781249302	
85.66074927308519	
85.53424488534704	
85.41058315856456	
85.28996195081568	
85.17258241583654	
85.05862163209915	
84.9482497046112	
84.84162478764338	
84.73889308369375	
84.64018824883789	
84.5456315506377	
84.45533150403523	
84.36938995992871	
84.28788179672638	
84.21088120009321	
84.13844990104525	
85.58936938820281	
85.67938196684285	
85.7703537463886	
85.8618040827362	
85.95418478304767	
86.04802371139681	
86.14099909279801	
86.23474685842943	
86.32919658590868	
86.42410320402975	
86.51925197952184	
86.6145431730595	
86.71013086997206	
86.80595128711101	
86.90189217680721	
86.99779083579215	
87.09372026549535	
87.18961393366693	
87.285406735586	
87.38104267789693	
87.47645234978444	
87.57161195954191	
87.66646601792162	
87.76096642012357	
87.85505751997545	
87.94869526235371	
88.04182970031542	
88.13441458238852	
88.2264030838956	
88.31774508906982	
88.40839567785055	
88.49830536323547	
88.5874327460248	
88.6757228131863	
88.76313296320424	
88.84961762665633	
88.93512720066443	
89.01960994259511	
89.10302939369016	
89.18532702503721	
89.26645860142328	
89.34638283044629	
89.42502822987221	
89.50234533883214	
89.57830710596588	
89.6528556173267	
89.72594204169685	
89.79750590637819	
89.86747178887752	
89.93582748134587	
90.00249152826638	
90.0674461336431	
90.13059975132168	
90.19190204116384	
90.25132387382035	
90.30874345410346	
90.36416402611546	
90.41751968224894	
90.43826182116808	
88.9094335556647	
88.78612505756378	
88.66014337225046	
88.53165919742426	
88.40085116526387	
88.26790865446524	
88.13303107309089	
87.9964266364262	
87.85831156364983	
87.7189113374052	
87.5784564024723	
87.43718664236725	
87.29534353268238	
87.15317793193081	
87.01093866401092	
86.86888358790678	
86.7272670667235	
86.58634297773213	
86.44637178202316	
86.30760202017893	
86.17029049438113	
86.03468131850362	
85.90101297851808	
85.76952811948144	
85.64044825279183	
85.51400195948601	
85.39039746557944	
85.2698328355227	
85.15250894590245	
85.03860302811273	
84.92828488580399	
84.82171287388135	
84.71903282220524	
84.62037866799994	
84.52587125206293	
84.43561934606869	
84.34971869443365	
84.26825884482845	
84.19130498754694	
84.11891532418802	
85.56996654654817	
85.65944117322448	
85.74994915515803	
85.84142165274544	
85.93361309724567	
86.02662174033354	
86.12090906657036	
86.21482751861117	
86.30851816645878	
86.40321779293062	
86.4984031819069	
86.59377555949403	
86.68924036706652	
86.7849166506133	
86.88077498532938	
86.97668699080295	
87.07256281737023	
87.16837230258638	
87.26407871982912	
87.3596285131469	
87.45500289243455	
87.55010507380038	
87.64489035100561	
87.73931762043999	
87.83334259437595	
87.92691409385588	
88.01998429213096	
88.112507485676	
88.20443370438839	
88.29571619559425	
88.3863070506778	
88.47615877107178	
88.56522399446122	
88.65345851582885	
88.74081421732053	
88.82724138240421	
88.91269873192171	
88.99712757749728	
89.08049430948124	
89.16274173043983	
89.24382110544703	
89.32369043019429	
89.4022888958146	
89.47957905823695	
89.55549388759096	
89.62999624720453	
89.70302733322498	
89.77455586307534	
89.84450012347368	
89.91280409472989	
89.97944937186928	
90.04436895539567	
90.10748790848196	
90.16877452190343	
90.22813607171658	
90.28555097920238	
90.34094952109103	
90.39428180821939	
90.41501583748759	
88.88765359719207	
88.76440745014997	
88.63848907094487	
88.51006713876599	
88.37932219747937	
88.24644294757577	
88.11162872547368	
87.9750877041841	
87.837036061786	
87.69769922535156	
87.55730762311926	
87.41610106171605	
87.27432102730126	
87.13221830392223	
86.9900416940526	
86.84804902668303	
86.70649461721327	
86.56563227289656	
86.42572243671846	
86.28701376149424	
86.1497627257461	
86.01421030602003	
85.88060482596673	
85.749178871323	
85.62015740467007	
85.49376877554103	
85.3702169345524	
85.24971271420071	
85.13244431384382	
85.01859279902894	
84.90832824124652	
84.8018035159364	
84.69917487746153	
84.60057077307194	
84.50611808770583	
84.41591397487723	
84.3300600453873	
84.24864525695571	
84.1717289605365	
84.09938201194781	
