87.20479153247362	
87.3014357303885	
87.39787324067301	
87.49420830706066	
87.59035998606697	
87.68632498938301	
87.78205098507269	
87.87742671487437	
87.97244981848588	
88.06705909599535	
88.1611990126241	
88.25482339464504	
88.34788381664427	
88.44033186289904	
88.53211967902384	
88.62320145423612	
88.71352688164252	
88.80305233352888	
88.89172579291726	
88.97950105367474	
89.06633163819076	
89.15216910469701	
89.23696777294442	
89.32068494244976	
89.40325881923319	
89.48464408172656	
89.5647752252161	
89.64363793124743	
89.72115552423438	
89.79729389191935	
89.87198300675931	
89.9451834486917	
90.01685088711147	
90.08691799340967	
90.15533624872222	
90.22204309269992	
90.28698694538684	
90.35013133977291	
90.41139123033555	
90.47070950833455	
90.5280416947226	
90.58336232516147	
90.63656228567673	
90.68756475127562	
90.73636252999735	
90.78288478718734	
90.82704832478262	
90.86882140182101	
90.90810460993396	
90.94485100632733	
90.97899687128532	
91.01047818347048	
91.03923416127112	
91.06519279620036	
91.0882929625235	
91.10847014320491	
91.12565949589579	
91.13979668872712	
91.14458255079614	
87.033471463703	
86.89137365112038	
86.75001840658452	
86.60965667970035	
86.47054769720822	
86.33293952545938	
86.1970755510182	
86.0632036569776	
85.93155193079122	
85.80235589244285	
85.67582757319903	
85.55218186207665	
85.43162452421153	
85.31434235373037	
85.20051549941633	
85.09031247624557	
84.98389015062482	
84.88139844757447	
84.78295883465987	
84.68870213939726	
84.59872976810614	
84.51313640741218	
84.43200375386705	
84.35540593830802	
84.28339375533587	
84.21601346457439	
84.15329792623335	
84.09561437227299	
84.04241693710532	
83.99456672331928	
83.95082608368125	
83.91220121708075	
83.87646002142176	
83.84676739227207	
83.8219900683652	
83.80128787838535	
83.78593743199929	
83.77467261737847	
83.76731467024871	
83.76316178181355	
87.18348978367474	
87.2799710627511	
87.37641592327653	
87.47271186167863	
87.56878483218047	
87.66467107192162	
87.76031956902683	
87.85564363700547	
87.95060091402729	
88.04514170163252	
88.13922299432006	
88.23277772550327	
88.32577379737843	
88.41815806151219	
88.5098829673721	
88.60090129501421	
88.69116576974608	
88.78062955708164	
88.86924259152865	
88.95696284675837	
89.04373613447284	
89.12951965237626	
89.21426262293383	
89.29791575343107	
89.38043732467835	
89.4617670970579	
89.54186587786043	
89.62068350784098	
89.69815761067429	
89.77424207836553	
89.84889647732976	
89.92205125989902	
89.99367269343641	
90.06369403912349	
90.13205558936127	
90.19876312963117	
90.26366155184608	
90.32676777213683	
90.38799392736567	
90.44729986168862	
90.50461656602694	
90.55989400693231	
90.61306314011641	
90.66406647753881	
90.71283620535331	
90.75933150320073	
90.80349879251216	
90.84524656019565	
90.88451955765983	
90.9212578682069	
90.95539785831737	
90.98687901603098	
91.01562970017248	
91.04158881238737	
91.06469168517279	
91.08487359483394	
91.10206999856148	
91.1162163403761	
91.12100654313403	
87.012520281595	
86.870490222096	
86.72920030686468	
86.58890352561386	
86.4498588962621	
86.31231161138547	
86.17651414319751	
86.0427014029496	
85.91111552582232	
85.7819769493021	
85.6555133189771	
85.53192745927014	
85.4114291661703	
85.29420515756685	
85.18043540654233	
85.07028855086678	
84.96392105861912	
84.8614777547793	
84.76309616316179	
84.66888823805716	
84.5789624240637	
84.49341712283686	
84.4123313430512	
84.33578049066588	
84.26380997098327	
84.19647778571714	
84.13380535555046	
84.07605052115068	
84.02281824557441	
83.97485943547353	
83.93040345972051	
83.89246863901354	
83.85810694882355	
83.82721048946809	
83.80292249031243	
83.78262040377939	
83.76629020676401	
83.75451445926625	
83.7469480494315	
83.74414736738476	
87.16226720637948	
87.25863026306618	
87.35503426113159	
87.45119632252232	
87.54728328370435	
87.64305912303675	
87.7386254626418	
87.83388214257117	
87.92877143916247	
88.02324954342971	
88.11726323680521	
88.21075345175709	
88.30368572414625	
88.39600636974461	
88.48766833541201	
88.57862497867437	
88.66882786651169	
88.75823013762401	
88.84678682881018	
88.93444602583466	
89.02116797668792	
89.10689020229226	
89.19157941971216	
89.27518344848318	
89.35764128185129	
89.43891816340884	
89.5189822673515	
89.59773304965944	
89.67516958877752	
89.75121702462131	
89.82580878842991	
89.89894401015579	
89.97053247415768	
90.04052008325316	
90.10884862976555	
90.17547118100501	
90.24033824994872	
90.30341336080767	
90.36463311832362	
90.42391039374111	
90.48118904859966	
90.53645017052038	
90.5895993552809	
90.64055066213807	
90.68932891121214	
90.73582316524781	
90.77996418194417	
90.82170060041283	
90.86096348858074	
90.89769379009249	
90.93183154672799	
90.963305267781	
90.99205425750381	
91.0180138542017	
91.04111943088706	
91.0613061902327	
91.07850948661816	
91.09266511533534	
91.09745954132026	
86.99158530043258	
86.84962055526465	
86.7083930167985	
86.56816328196147	
86.42918282575762	
86.29169900137876	
86.15596460982158	
86.02221429569626	
85.89069013629602	
85.76161267531712	
85.63520943600466	
85.51168310122563	
85.3912434457398	
85.27407724343009	
85.16036429779471	
85.05027314648741	
84.94396045957706	
84.84157060730851	
84.74323599344109	
84.64908110848063	
84.55920805614826	
84.47371105050095	
84.39267184915808	
84.31615981643608	
84.24423475268372	
84.17694195372698	
84.11430939046915	
84.05640835004417	
84.00321907097756	
83.95476589600348	
83.91116921151195	
83.87194402826522	
83.8382776920894	
83.80775762803283	
83.78259443516431	
83.76189497920313	
83.7460017316453	
83.73459887366866	
83.72742423946342	
83.72491411202854	
87.14096525843595	
87.23724668728241	
87.33351255376887	
87.42969383859706	
87.52567693442764	
87.62146119924263	
87.71695285978784	
87.81214520146806	
87.90697013429727	
88.00137610586255	
88.09532033938102	
88.18875321143645	
88.28161946829249	
88.37387671491786	
88.46547616187198	
88.55637114218327	
88.64651305253594	
88.73585713203289	
88.82435294954091	
88.91195289360734	
88.9986150686047	
89.08428650978058	
89.16892100379675	
89.25246803513484	
89.33488219214972	
89.41610708115338	
89.49611996584834	
89.57482628286095	
89.65221817067939	
89.72821627799551	
89.80277873006375	
89.87585962790769	
89.9473940411617	
90.01733396381303	
90.0856644534597	
90.15222831201137	
90.21706584096867	
90.28012219244565	
90.34128150758461	
90.40052946438233	
90.45780431778678	
90.51301961771335	
90.56611713561682	
90.61716103719834	
90.66586121893772	
90.71232561212497	
90.75646359341256	
90.79818355038523	
90.83743627298455	
90.87415863865301	
90.90829049551049	
90.93976045000518	
90.96850775471057	
90.99446789754498	
91.0175761282573	
91.0377677068283	
91.05497806677964	
91.0691427519886	
91.07394146026172	
86.97066456132069	
86.8287647234883	
86.6876017156164	
86.54743603954074	
86.40851646415564	
86.2710985895745	
86.1354267761822	
86.00173856515565	
85.87027582125283	
85.74125903075496	
85.61491282630662	
85.49144869841672	
85.37106752917505	
85.2539587322831	
85.1403022705278	
85.03026661554998	
84.92400832051977	
84.82167176629042	
84.72338882628249	
84.6292849189794	
84.53945537290808	
84.45400621371037	
84.37301319601308	
84.29654603846883	
84.2246680209892	
84.15741458698983	
84.0948261028379	
84.03691874669612	
83.98378021015321	
83.93532609673177	
83.89219354678384	
83.85286545760583	
83.81830265083249	
83.7883884585599	
83.76338410846942	
83.74297620142548	
83.72749993201407	
83.71504154738679	
83.7078954003398	
83.7064369801173	
87.11967592832696	
87.21599270415395	
87.31215245323096	
87.40822473188243	
87.50417464291907	
87.59986330545827	
87.69529828699714	
87.79042696520511	
87.88518357894061	
87.97952662451063	
88.07340358043808	
88.16676946460781	
88.25957425199502	
88.35176883670954	
88.44330667533852	
88.5341393320788	
88.62422157942947	
88.71350458593088	
88.80194384775557	
88.88948752952135	
88.97609202983969	
89.06170991659842	
89.14628914035383	
89.22978627814521	
89.31214489688534	
89.39332819284691	
89.47327875614755	
89.55194023033731	
89.62926884197	
89.70523435160644	
89.77976373618507	
89.85278841746205	
89.92429420682963	
89.99421071038557	
90.06246531301278	
90.12902910560325	
90.19384550801844	
90.25685478891423	
90.31800159386377	
90.37722094986272	
90.43445121236022	
90.48961091606786	
90.54273844551075	
90.59370170762814	
90.6424210857737	
90.68887452593592	
90.73298725590053	
90.77469507511475	
90.81393776121949	
90.85065583225798	
90.8847782214326	
90.9162444203682	
90.94499016564943	
90.97095081657153	
90.99406174248256	
91.01425811048333	
91.03147543641566	
91.0456490951053	
91.05044819657296	
86.94975783853953	
86.80792013188217	
86.66682354605632	
86.52672165245832	
86.3878650973932	
86.25051019059819	
86.11489728539522	
85.9812740880251	
85.84986862424464	
85.72091610849068	
85.59462827303642	
85.47122429518674	
85.35090102071771	
85.23384938233123	
85.12024887854064	
85.01026365151552	
84.90405926268473	
84.80177542407495	
84.70354970059446	
84.60949045412701	
84.51971581980858	
84.43431417234056	
84.35336748602356	
84.2769449516935	
84.20510378503302	
84.13789584116688	
84.07534237426152	
84.0174726368446	
83.96432741035409	
83.9159914559934	
83.87283882120911	
83.83430162813153	
83.80422359810598	
83.77001491510212	
83.74511505792772	
83.72406679961954	
83.7077026759518	
83.69632816956559	
83.68932073930928	
83.6871995563187	
87.09843771776593	
87.1946318428213	
87.29078718909389	
87.38680484789397	
87.48265967047494	
87.57829221487525	
87.67367087434585	
87.76872708225875	
87.86341911307156	
87.95769569027614	
88.05150878843222	
88.14480903882654	
88.2375504554964	
88.32968267038203	
88.42115830150449	
88.51193092383441	
88.60195212995562	
88.6911761194949	
88.77955616614415	
88.86704311471865	
88.95359145218593	
89.03915151468281	
89.12367766514802	
89.20712466370703	
89.28943891744086	
89.3705668823296	
89.45046000800859	
89.52908807718016	
89.606371241126	
89.68226948949479	
89.75677129682009	
89.82975837163727	
89.90122642487877	
89.97109598857274	
90.03930238411388	
90.10583622228938	
90.17060056631546	
90.23359152392008	
90.29468261991796	
90.35390124408333	
90.4111040146566	
90.46630382527724	
90.51933249355403	
90.57030195183101	
90.61900143120164	
90.66544321995138	
90.70953931758908	
90.75123506062513	
90.79047146837041	
90.82717799195862	
90.86129453391705	
90.89275713674975	
90.92150124506546	
90.94746245188156	
90.97057599590661	
90.99077725901678	
91.00800141148315	
91.02218030660453	
91.02698745452504	
86.92886510216437	
86.78709146377088	
86.6460585957867	
86.5060172289236	
86.36722629307584	
86.22993387788742	
86.0943828263221	
85.96082087891405	
85.82947616482444	
85.70058352306106	
85.574355071969	
85.45100950362006	
85.33074401860225	
85.2137492677397	
85.10019994880318	
84.99027419128072	
84.88412357873482	
84.78189245969268	
84.6837182392266	
84.58970923796346	
84.49998338672093	
84.41462338801499	
84.3337225062996	
84.2573441930857	
84.18554582303678	
84.11837884772319	
84.0558711158367	
83.99803906310704	
83.94490088124745	
83.89653447012067	
83.85293843615797	
83.8158426250925	
83.78208477063755	
83.75222538116383	
83.72509254167598	
83.70429422476253	
83.6912789944357	
83.67985718892193	
83.66943028023569	
83.66793145682703	
87.07719959711139	
87.1733236840744	
87.26941289618344	
87.36538404421938	
87.46115936071895	
87.55674128576071	
87.6520526025554	
87.74704009085326	
87.84167063434664	
87.9358862622009	
88.02963565181018	
88.12287171565848	
88.21554845592334	
88.30761801293544	
88.39903253700318	
88.48974425772828	
88.5797052038213	
88.66887008639878	
88.75719271517909	
88.8446224483574	
88.93111587060912	
89.01661861216112	
89.1010927772562	
89.18448516415827	
89.26674437271139	
89.34782055674512	
89.4276713775069	
89.50624946843118	
89.58349904939287	
89.65935488215123	
89.73380634227237	
89.806743626254	
89.87815644651603	
89.94799942340657	
90.0161969776785	
90.08268456024528	
90.14742726348396	
90.21035326366233	
90.2714685210762	
90.33063530609928	
90.38779979044631	
90.44292665808771	
90.49602441652856	
90.54692179976495	
90.59562287850908	
90.64203762861874	
90.6861196187496	
90.72780349677124	
90.76702998896458	
90.80372864731686	
90.83783943758596	
90.86929833284421	
90.89804090700768	
90.92400268790618	
90.94711887063255	
90.96732490128352	
90.98455603780411	
90.99874392449672	
91.00355523855015	
86.90798408439528	
86.76627623310674	
86.62530667145548	
86.48532822829532	
86.34659984158401	
86.20936613912389	
86.0738797565515	
85.9403788288035	
85.8090943085367	
85.68026141872835	
85.55409194019217	
85.43080456043654	
85.31059643342856	
85.19365340303023	
85.08016447557407	
84.97029326696128	
84.86419622815198	
84.76201751413768	
84.66388888862623	
84.56993539499511	
84.48025234122012	
84.39494538388908	
84.31409021221639	
84.2377541242738	
84.1659955724093	
84.0988679751396	
84.03639947068807	
83.97860465183092	
83.9255019775091	
83.87714447412513	
83.83347172829535	
83.79452339644284	
83.76030498329031	
83.73459054748777	
83.70627949853264	
83.6869543285997	
83.66928945502374	
83.66048907948273	
83.6519436824247	
83.64708261416453	
87.05600269763255	
87.15209118468537	
87.24808536575563	
87.34397514163341	
87.43970045783226	
87.53521088424772	
87.6304595516248	
87.72538468027844	
87.81994629288276	
87.9140925819673	
88.00777824507257	
88.1009523820288	
88.19356718966323	
88.28557485785555	
88.37692741826379	
88.46757885446047	
88.55748201157193	
88.64658877639287	
88.73485333535476	
88.8222264871911	
88.90866193425754	
88.99411473160582	
89.07853126036483	
89.1618663267552	
89.24407688795962	
89.3251122255366	
89.40491168802694	
89.48343795820377	
89.56064206437975	
89.63646278216622	
89.71085142230147	
89.78376804233801	
89.85514923898585	
89.92494383110842	
89.99309807977973	
90.05954548213111	
90.12424802878884	
90.18718945910287	
90.24822558075543	
90.3073824935975	
90.3645224742337	
90.41964975902751	
90.47270061245779	
90.52358666340652	
90.5722579046552	
90.61866007725207	
90.66272818170431	
90.70440366900065	
90.7436167441052	
90.78030764354976	
90.814412773395	
90.84586793397544	
90.8746090744222	
90.90057138513333	
90.92369026830968	
90.94390098651638	
90.96113572205846	
90.97533587600766	
90.98015145167624	
86.88711903434842	
86.74547444372718	
86.6045653819576	
86.46465184886787	
86.3259854668541	
86.18881346400015	
86.05338819725084	
85.91994420900699	
85.78872326396201	
85.65994963877203	
85.53383868753906	
85.41060928876608	
85.29045818245267	
85.17357130809046	
85.0601376698195	
84.95032067876586	
84.84427684420834	
84.7421502222484	
84.64407256950098	
84.55016306146274	
84.46053411886906	
84.37526816846312	
84.29445850523406	
84.21816844329632	
84.1464549331075	
84.07936331876707	
84.0169336508881	
83.95918241419471	
83.90611516569089	
83.8577399828674	
83.81439750129691	
83.77527889139124	
83.74097712491228	
83.71196833659448	
83.68807508856969	
83.666705475122	
83.65026576889584	
83.63947052645632	
83.63355426993417	
83.62935052816479	
87.03480319384967	
87.13080502453212	
87.22676555693042	
87.32261740370753	
87.41824637615117	
87.513698775612	
87.60888508411249	
87.7037435906375	
87.79824222357793	
87.89232421258785	
87.98594653835762	
88.07905423415352	
88.17160708320327	
88.26355318680034	
88.35484533086822	
88.44543588713019	
88.53527942063621	
88.6243272242176	
88.712532149243	
88.79985054159549	
88.88623011250974	
88.97162578702316	
89.05599043064268	
89.1392775723292	
89.22143438169299	
89.30241756945811	
89.38216871621705	
89.46064103091004	
89.53781620302392	
89.61358982503782	
89.68793763093213	
89.7608020772111	
89.83215877012238	
89.90189106304928	
89.96998774028849	
90.03644062965896	
90.1011127981522	
90.16400926600917	
90.22504544441104	
90.28413387062574	
90.34127050423982	
90.39639181860136	
90.44939159702513	
90.50027409662471	
90.54892414253672	
90.59531040709408	
90.63936827283753	
90.68102841032203	
90.72023169614407	
90.75691488881557	
90.79101428103955	
90.82246593570245	
90.85120546131802	
90.87716831077832	
90.90028989375328	
90.9205053889505	
90.93774627258563	
90.95195615024276	
90.95677584750703	
86.866267601639	
86.7246858339419	
86.58383915805892	
86.44398792619972	
86.30538031345942	
86.16827249773901	
86.03290794137554	
85.89952409322552	
85.76836280967748	
85.6396441590129	
85.51359546822673	
85.39042344462523	
85.27032458293355	
85.15349820085439	
85.0401193409114	
84.93035643459304	
84.82436544972244	
84.72229071082633	
84.62426376201607	
84.53040373380186	
84.44081735850526	
84.35560374717006	
84.2748393538931	
84.19858692512636	
84.12691564497409	
84.05986447830361	
83.9974735972856	
83.93975950646917	
83.88672739957656	
83.83838551014814	
83.79477797772286	
83.75632924188047	
83.7216898754275	
83.69196314248802	
83.66918554469147	
83.64855104143888	
83.6317199299542	
83.62031024657786	
83.61258122025748	
83.61039585472855	
87.01365658829947	
87.10957721310965	
87.2054563226922	
87.30124841063021	
87.3968360523553	
87.49220822549191	
87.58731864975621	
87.68211790333714	
87.77655358416492	
87.87057410560688	
87.96413118723277	
88.05717765211891	
88.1496678162382	
88.24155259512283	
88.33278361305793	
88.42331468229563	
88.51309886017576	
88.60208905615659	
88.69023928744507	
88.77750091339232	
88.86382679511324	
88.94916809622413	
89.03347853189858	
89.11671330548569	
89.19882451497485	
89.27974999591649	
89.35946739090072	
89.43789912658195	
89.5150028563881	
89.5907348184283	
89.66504928347058	
89.73787334367357	
89.80916032113176	
89.87888215897475	
89.94697090466802	
90.0133509633486	
90.0780138585161	
90.14086583411199	
90.20185639673134	
90.26093760026001	
90.31804627438439	
90.37316019786286	
90.42613574621946	
90.47697912317948	
90.52562004206462	
90.57199214667544	
90.61603273805574	
90.65768121672104	
90.69687473776071	
90.73355024299825	
90.76764399520172	
90.79909204160863	
90.82783002035359	
90.85379347338393	
90.87691770975822	
90.89713798374791	
90.91438917296229	
90.92860844133706	
90.93343237103538	
86.84542982392102	
86.7039105354887	
86.56312596753715	
86.42333640375392	
86.28479015035256	
86.14774315113299	
86.01243562757315	
85.87911501129514	
85.74801281574065	
85.61935276905614	
85.49336198953897	
85.37024719527706	
85.25020463230196	
85.13343373209217	
85.02010965608595	
84.91040033236916	
84.80446216986556	
84.70243890196838	
84.60446240549045	
84.51065154739912	
84.4211128175993	
84.33594600558037	
84.25522073156137	
84.17901792200354	
84.10738853869006	
84.04037394043579	
83.97801935440576	
83.92034211649845	
83.86735162868678	
83.8190429886548	
83.77541463344144	
83.73664184591765	
83.70246512237742	
83.67288033981613	
83.64789324442616	
83.62738951255056	
83.61161343990148	
83.60208061062093	
83.5941834675081	
83.59132334631057	
86.99252764294799	
87.08841867973678	
87.184206657903	
87.27988834725817	
87.37541500506497	
87.47074516524317	
87.56580001423347	
87.66052582745856	
87.75489572903852	
87.84884752288043	
87.94233914028881	
88.03532268745543	
88.12775007636996	
88.21957321945133	
88.31074438799017	
88.4012162714367	
88.49094124671508	
88.57987238766698	
88.66796516914685	
88.75516920132162	
88.8414401532678	
88.92673043544069	
89.01099325612732	
89.09417319089884	
89.17622918985882	
89.25711760284518	
89.33677527892087	
89.41516605753095	
89.49222782685175	
89.5679056492421	
89.64217118402411	
89.7149594267829	
89.78622744127874	
89.85593009936296	
89.92396787006788	
89.99031648405793	
90.05493231976808	
90.11776602793523	
90.17871912407685	
90.2377671879247	
90.29485322855226	
90.34992216286098	
90.40289452949796	
90.4537216052629	
90.50234311571117	
90.54869812764414	
90.5927250612939	
90.63436180234274	
90.6735456479233	
90.71021348345626	
90.74430167157769	
90.7757461656102	
90.80448269424961	
90.83044675927839	
90.85357362731483	
90.87379866104273	
90.89105722553033	
90.9052848014476	
90.91011290676855	
86.82460553980111	
86.68314600869084	
86.54242546765805	
86.40269451694581	
86.26421187614547	
86.12722535291839	
85.99197775030198	
85.85871657678885	
85.72767303661087	
85.59907147941318	
85.47313824487689	
85.35007596332099	
85.23009390597151	
85.1133781716697	
85.00010838318799	
84.89045244734528	
84.78456138299153	
84.68258933171232	
84.58466271650191	
84.49090629009343	
84.40141524651041	
84.31628882904731	
84.23561436558266	
84.15944891611439	
84.0878613873135	
84.0208908321813	
83.95857078551093	
83.9009301290049	
83.84797459726468	
83.79969900116119	
83.75610178528191	
83.71736973322292	
83.68330073205966	
83.65364219023094	
83.62852053183025	
83.60785758442456	
83.59196979665835	
83.58126307494048	
83.57739476717815	
83.57235965718577	
